 6.45547e+00
 5.70628e+00
 8.77543e-01
 2.06286e+00
 3.22060e+00
 5.93469e+00
 5.34083e+00
 4.38012e+00
 4.24202e+00
-1.95802e-01
 7.17260e+00
 4.40383e+00
 2.46370e+00
 6.12335e+00
 6.26545e+00
 1.84648e+00
 4.34848e+00
 5.65842e+00
 5.66533e+00
 4.03201e+00
 1.00501e+01
 6.53505e+00
 6.32420e+00
 6.31491e+00
 4.55829e+00
 5.09788e+00
 2.92180e+00
 7.31290e+00
 6.18005e+00
 4.10523e+00
 6.57249e+00
 6.02233e+00
 6.48651e+00
 6.84553e+00
 2.44917e+00
 2.68369e+00
 4.40989e+00
 4.79526e+00
 9.58291e+00
 4.85535e+00
 6.41946e+00
 5.78516e+00
 7.21731e+00
 6.84739e+00
 4.90368e+00
 4.85013e+00
 4.69415e+00
 6.03008e+00
 3.85270e+00
 6.39693e+00
 8.89806e+00
 4.04232e+00
 5.48238e+00
 6.35603e+00
 6.53313e+00
 7.79981e+00
 5.19596e+00
 7.41421e+00
 2.62160e+00
 1.10149e+01
 4.70034e+00
 4.44915e+00
 7.54962e+00
 3.40186e+00
 6.96476e+00
 5.10210e+00
 4.29837e+00
 4.70280e+00
 2.07873e+00
 1.06773e+01
 7.39516e+00
 3.51670e+00
 8.34594e+00
 5.04423e+00
 4.76733e+00
 6.82310e+00
 2.38339e+00
 5.97741e+00
 2.35259e+00
 7.95011e+00
 5.34393e+00
 3.27247e+00
 4.78576e+00
 4.79502e+00
 5.93241e+00
 7.02529e+00
 3.90869e-01
 5.89208e+00
 2.81736e+00
 3.14428e+00
 8.15778e-01
 3.67716e+00
 4.87445e+00
 7.66622e+00
 8.16008e+00
 7.02174e+00
 4.12277e+00
 4.03844e+00
 2.14159e+00
 6.98920e+00
 7.38601e+00
 8.26848e+00
 4.08159e+00
 2.72615e+00
 7.50944e+00
 6.39257e+00
 3.00388e+00
 8.46448e+00
 1.94363e+00
 1.66726e+00
 6.29351e+00
 7.59232e+00
 4.00255e+00
 3.69886e+00
 4.42285e+00
 6.09583e+00
 6.31989e+00
 6.36171e+00
 8.19233e+00
 4.42561e+00
 3.55008e+00
 3.73814e+00
 4.69121e+00
 5.78700e+00
 5.88500e+00
 5.01367e+00
 3.89475e+00
 5.10307e+00
 2.82248e+00
 4.61878e+00
 3.37844e+00
 5.49648e+00
 5.31604e+00
 4.27855e+00
 5.09081e+00
 4.50146e+00
 7.07307e+00
 6.34009e+00
 2.62470e+00
 5.99086e+00
 3.39415e+00
 4.29261e+00
 4.30944e+00
 8.93301e+00
 5.76074e+00
 9.75731e+00
 3.62687e+00
 4.61868e+00
 2.95122e+00
 4.38672e+00
 2.70736e+00
 3.81814e+00
 5.37868e+00
 5.07401e+00
 5.49139e+00
 5.87816e+00
 8.29770e+00
 3.27846e+00
 4.86142e+00
 3.35676e+00
 5.63986e+00
 6.00515e+00
 2.30580e+00
 4.49688e+00
 5.12854e+00
 4.89575e+00
 6.92422e+00
 2.96098e+00
 3.44533e+00
 8.05342e+00
 6.37803e+00
 7.04092e+00
 5.42169e+00
 5.59372e+00
 5.31825e+00
 5.65164e-01
 7.67501e+00
 5.07953e+00
 4.25768e+00
 2.47390e+00
 3.83116e+00
 4.03702e+00
 2.76594e+00
 7.75074e+00
 4.51320e+00
 6.47552e+00
 8.11261e-01
 5.38109e+00
 5.87635e+00
 3.09188e+00
 4.91965e+00
 5.40023e+00
 1.05798e+01
 8.11949e+00
 5.00423e+00
 9.18351e-01
 7.04932e+00
 5.71492e+00
 5.59115e+00
 1.00747e+00
 2.55785e+00
 4.83427e+00
 7.02040e+00
 5.08397e+00
 7.70181e+00
 2.80688e+00
 9.61678e+00
 7.71974e+00
 6.19694e+00
 5.63556e+00
 6.95393e+00
 6.92115e+00
 5.58202e+00
 6.96120e+00
 5.83192e+00
 7.48334e+00
 3.23673e+00
 4.68636e+00
 5.83540e+00
 7.98514e+00
 1.50506e+00
 3.47763e+00
 5.80508e+00
 7.92925e+00
 6.46396e+00
 5.69925e+00
 6.99754e-01
 2.91101e+00
 2.13539e+00
 4.86629e+00
 5.93856e+00
 4.17685e+00
 4.75779e+00
 4.39333e+00
 1.89295e+00
 6.86153e+00
 5.77640e+00
 4.50673e+00
 3.92448e+00
 7.32471e+00
 4.92207e+00
 6.87818e+00
 4.42361e+00
 3.39125e+00
 3.59482e+00
 6.69555e+00
 3.46159e+00
 8.04376e+00
 4.66704e+00
 2.20594e-01
 9.24801e+00
 5.06762e+00
 4.58613e+00
 6.03846e+00
 2.36040e+00
 5.10097e+00
 4.03154e+00
 6.43676e+00
 7.32028e+00
 5.40288e+00
 1.85669e+00
 5.09651e-01
 4.34993e+00
 8.58137e+00
 2.69926e+00
 8.20719e+00
 5.39082e+00
 8.04818e+00
 2.94619e+00
 7.51822e+00
 3.56535e+00
 6.21235e+00
 7.63084e+00
 7.93945e+00
 4.09050e+00
 8.82491e+00
 5.33937e+00
 3.43172e+00
 5.06146e+00
 9.75497e-01
 6.98329e+00
 3.26282e+00
 5.77220e+00
 6.34652e+00
 6.82784e+00
 6.78100e+00
 7.13195e+00
 4.21698e+00
 5.66789e+00
 5.91319e+00
-3.29946e-01
 4.34883e+00
 4.24875e+00
 5.44875e+00
 4.34391e+00
 7.79556e+00
 1.02678e+01
 3.49156e+00
 5.74032e+00
 4.11844e+00
 4.02062e+00
 4.02929e+00
 4.36933e+00
 4.15652e+00
 3.81654e+00
 6.40000e+00
 6.71222e+00
 6.28813e+00
 3.48380e+00
 5.03427e+00
 8.45703e+00
 2.11708e+00
 1.73017e+00
 6.77175e+00
 6.78193e+00
 4.89586e+00
 3.88340e+00
 4.57313e+00
 4.34526e+00
 2.45940e+00
 3.10027e+00
 3.43878e+00
 2.90382e+00
 9.33809e+00
 6.32076e+00
 6.33025e+00
 5.82805e+00
 4.58484e+00
 5.62666e+00
 6.93189e+00
 5.35634e+00
 4.92111e+00
 5.29865e+00
 3.84056e+00
 1.85929e+00
 5.74184e+00
 6.40237e+00
 5.86997e+00
 6.35838e+00
 6.45019e+00
 2.58849e+00
 3.95367e+00
 5.04681e+00
 7.37935e+00
 4.10307e+00
 4.07539e+00
 5.17259e+00
 3.13650e+00
 1.51276e+00
 1.89980e+00
 2.37632e+00
 3.32913e+00
 3.81811e+00
 4.61597e+00
 3.86209e+00
 4.40081e+00
 3.92563e+00
 7.35206e+00
 3.97779e+00
 6.31312e+00
 3.83527e+00
 4.04492e+00
 5.79873e+00
 5.36235e+00
 7.69572e+00
 4.12459e+00
 5.35477e+00
 7.20145e+00
 9.73811e+00
 3.62012e+00
 4.97190e+00
 6.70958e+00
 4.10110e+00
 1.01539e+01
 5.52842e+00
 4.85078e+00
 8.76989e+00
 3.47066e+00
 2.89502e+00
 3.42762e+00
 5.96375e+00
 8.36091e+00
 4.77461e+00
 5.35368e+00
 7.74648e+00
 6.95587e+00
 6.50833e+00
 5.00160e+00
 5.85061e+00
 3.71613e+00
 5.16062e+00
 6.16749e+00
 4.92774e+00
 6.36958e+00
 5.89515e+00
 5.66487e+00
 4.31085e+00
 5.90121e+00
 1.03222e+01
 4.18445e+00
 8.27921e+00
 5.23584e+00
 2.15282e+00
 4.02556e+00
 8.23058e+00
 3.02111e+00
 3.90250e+00
 3.79766e+00
 9.10572e+00
 7.51458e+00
 6.03372e+00
 1.01910e+01
 6.31764e+00
 4.09300e+00
 5.06158e+00
 5.86064e+00
 6.66751e-01
 2.59925e+00
 6.73807e+00
 4.40817e+00
 2.25921e+00
 5.42519e+00
 3.64191e+00
 4.50991e+00
 6.40195e+00
 4.87070e+00
 8.63967e+00
 4.85992e+00
 3.83392e+00
 3.68171e+00
 3.56009e+00
 4.03939e+00
 4.28060e+00
 4.25074e+00
 4.42117e+00
 6.71641e+00
 6.09685e+00
 7.92209e+00
 5.24506e+00
 5.29610e+00
 4.80293e+00
 9.42290e+00
 6.80991e+00
 8.46349e+00
 6.18072e+00
 6.39771e+00
 2.62285e-01
 4.15337e+00
 5.01421e+00
 6.13625e+00
 2.87061e+00
 3.16322e+00
 4.12531e+00
 3.65364e+00
 9.51715e+00
 7.78940e+00
 2.91925e+00
 4.72445e+00
 4.78292e+00
 8.15189e+00
 7.81285e+00
 7.22220e+00
 7.12707e+00
 2.75663e+00
 7.50626e+00
 5.48324e+00
 5.54126e+00
 3.40499e+00
 6.72177e+00
 5.89982e+00
 1.24129e+00
 4.92117e+00
 5.46067e+00
 5.48100e+00
 5.65493e+00
 4.42957e+00
 6.10510e+00
 3.64622e+00
 2.38055e+00
 6.52969e+00
 5.21680e+00
 7.81512e+00
 4.51226e+00
 4.93243e+00
 7.95902e+00
 6.44018e+00
 5.50652e+00
 4.82178e+00
 2.86517e+00
 5.86527e+00
 7.57742e+00
 4.25741e+00
 6.42129e+00
 4.88302e+00
 5.53277e+00
 5.38686e+00
 6.32011e+00
 6.09095e+00
 8.56444e+00
 6.32223e+00
 8.24250e+00
 8.29298e+00
 1.55206e+00
 6.53914e+00
 6.61373e+00
 7.45851e+00
 5.11083e+00
 6.41381e+00
 4.99071e+00
 1.47800e+00
 7.42082e+00
 6.94367e+00
 6.08111e+00
 3.23041e+00
 5.31898e+00
 5.73626e+00
 6.02461e+00
 4.04280e+00
 4.81109e+00
 5.85496e+00
 4.66069e+00
 9.36047e+00
 5.30466e+00
 3.09528e+00
 2.12339e+00
 4.37139e+00
 4.10470e+00
 5.83491e+00
 4.06158e+00
 5.47632e+00
 5.38204e+00
 3.93221e+00
 3.19054e+00
 3.64513e+00
 6.87835e+00
 1.36956e+00
 4.72862e+00
 4.56552e+00
 4.59906e+00
 1.97890e+00
 6.08053e+00
 5.93712e+00
 4.71604e-01
 1.90366e+00
 2.21287e-01
 1.88989e+00
 6.28901e+00
 8.04849e+00
 7.59137e+00
 5.06119e+00
 5.50307e+00
 3.54545e+00
 9.17631e+00
 2.09543e+00
 2.96411e+00
 5.25907e+00
 2.99029e+00
 1.94701e+00
 5.10304e+00
 4.34888e+00
 5.46477e+00
 4.03438e+00
 5.11997e+00
 4.71529e+00
 7.03212e+00
 4.28100e+00
 4.78218e+00
 2.57772e+00
 3.23735e+00
 5.34328e+00
 3.73913e+00
 4.39545e+00
 3.86396e+00
 3.67387e+00
 4.85925e+00
 4.83556e+00
 3.79603e+00
 2.49526e+00
 1.32023e+00
 5.94668e+00
 6.09905e+00
 7.04827e+00
 9.39835e+00
 8.63719e+00
 5.53280e+00
 6.34276e+00
 1.67576e+00
 2.95369e+00
 3.08858e+00
 5.48127e+00
 8.56255e-01
 4.81671e+00
 5.99607e+00
 6.51874e+00
 6.14940e+00
 4.74528e+00
 2.61897e+00
 5.16063e+00
 1.80072e+00
 8.05170e+00
 1.20073e+00
 8.18441e+00
 4.01434e+00
 7.24086e+00
 2.03787e+00
 5.88153e+00
 5.63616e+00
 6.10884e+00
 3.03087e+00
 5.89340e+00
 1.91171e-01
 8.25270e+00
 5.10931e+00
 8.82941e+00
 3.07449e+00
 5.85731e+00
 4.81811e+00
 2.01844e+00
 2.96681e+00
 8.98801e-01
 5.47512e+00
 4.94837e+00
 8.39575e+00
 5.20178e+00
 4.89938e+00
 5.40184e+00
 4.92354e+00
 6.19574e+00
 6.10927e+00
 4.49499e+00
 6.71941e+00
 4.50385e+00
 5.26895e+00
 6.63265e+00
 6.80496e+00
 3.89133e+00
 6.45548e+00
 4.67669e+00
 6.11304e+00
 9.04023e+00
 6.58408e+00
 5.34512e+00
 1.80553e+00
 2.78642e+00
 6.36306e+00
 4.56107e+00
 4.07453e+00
 2.63805e+00
 2.73252e+00
 4.94334e+00
 3.60407e+00
 5.61435e+00
 2.24570e+00
 9.40279e-02
 6.06620e+00
 2.59554e+00
 5.62541e+00
 5.18923e+00
 3.91017e+00
 5.65708e+00
 4.94474e+00
 4.76288e+00
 1.11793e+00
 9.60486e+00
 6.35987e+00
 5.92410e+00
 6.32864e+00
 5.84399e+00
 4.71355e+00
 7.30374e+00
 4.08952e+00
 3.54691e+00
 6.74784e+00
 9.98981e-01
 7.78244e+00
 7.51638e+00
 2.96288e+00
 6.56970e+00
 2.67144e+00
 3.54226e+00
 7.33396e+00
 4.94526e+00
 7.70619e+00
 7.01166e+00
 2.86025e+00
 2.95735e+00
 5.88003e+00
 2.58938e+00
 4.01227e+00
 5.42303e+00
 5.71976e+00
 6.94265e+00
 3.27221e+00
 2.85229e+00
 1.53822e+00
 7.30846e+00
 1.77319e+00
 3.86765e+00
 6.53670e-01
 5.31969e+00
 4.57275e+00
 5.67164e+00
 6.10408e+00
 5.69799e+00
 3.94170e+00
 4.65929e+00
 5.62529e+00
 6.32602e+00
 5.30661e+00
 5.72362e+00
 5.65787e+00
 1.17476e+00
 3.97044e+00
 4.40122e+00
 4.30889e+00
 5.40979e+00
 5.06698e+00
 3.84885e+00
 5.50224e+00
 7.31127e+00
 6.13394e+00
 5.20469e+00
 9.55392e+00
 5.66006e+00
-6.92699e-02
 5.63890e+00
 9.15181e+00
 3.82525e+00
 4.25183e+00
 5.67095e+00
 5.14818e+00
 5.67009e+00
 4.89129e+00
 3.77847e+00
 7.32993e+00
 6.14293e+00
 5.52579e+00
 6.45394e+00
 7.48286e+00
 6.78787e+00
 7.53679e+00
 7.12027e+00
 5.81951e+00
 8.39482e+00
 5.59867e+00
 6.64072e+00
 4.68064e+00
 5.91770e+00
 5.66371e+00
 3.73359e+00
 5.26578e+00
 3.97245e+00
 2.98392e+00
 2.53395e+00
 4.52247e+00
 2.36966e+00
 5.51842e+00
 5.76237e+00
 3.34530e+00
 7.67950e+00
 7.53965e+00
 7.31694e+00
 4.89165e+00
 3.25543e+00
 3.39039e+00
 5.06811e+00
 5.91492e+00
 5.44413e+00
 6.64828e+00
 4.12564e+00
 3.46391e+00
 4.19248e+00
 2.18280e+00
 7.51846e+00
 4.70913e+00
 3.99175e+00
 1.67038e+00
 3.98076e+00
 5.13439e+00
 6.87688e+00
 3.15660e+00
 4.76843e+00
 5.59396e+00
 3.92881e+00
 7.93921e+00
 6.01455e+00
 6.10227e+00
 2.22418e+00
 9.50938e+00
 5.84075e+00
 3.23445e+00
 4.02152e+00
 5.53893e+00
 6.32106e+00
 5.56452e+00
 2.66685e+00
 3.37791e+00
 7.13627e+00
 6.67149e+00
 5.53241e+00
 1.51063e+00
 3.64674e+00
 6.09184e-01
 6.42699e+00
 3.38224e+00
 4.64645e+00
 6.04706e+00
 4.43933e+00
 5.12665e+00
 5.52726e+00
 3.16619e+00
 5.97902e+00
 7.68614e+00
 3.90907e+00
 2.90739e+00
 2.72123e+00
 5.76055e+00
 5.63857e+00
 4.44001e+00
 7.43462e+00
 5.41053e+00
 6.55754e+00
 6.08505e+00
 1.82497e+00
 5.22537e+00
 5.54352e+00
 3.54942e+00
 5.78373e+00
 5.28770e+00
 4.09589e+00
 6.24579e+00
 8.34694e+00
 5.52404e+00
 5.13549e+00
 2.77201e+00
 4.21794e+00
 1.18414e+00
 5.99833e+00
 4.98987e+00
 4.74177e+00
 5.64897e+00
 3.89914e+00
 5.46995e+00
 1.12584e+00
 6.32417e+00
 7.47220e+00
 3.77162e+00
 8.58537e+00
 3.60298e+00
 4.26809e+00
 4.46684e+00
 2.40026e+00
 4.96606e+00
 3.55707e+00
 4.29986e+00
 3.07218e+00
 6.94550e+00
-1.02234e+00
 4.76649e+00
 6.08663e+00
 4.42200e+00
 4.13687e+00
 5.85079e+00
 3.67613e+00
 3.31343e+00
 5.75803e+00
 7.37665e+00
 4.49103e+00
 5.97151e+00
 4.00205e+00
 3.83399e+00
 4.36041e+00
 6.31203e+00
 1.49359e+00
 9.56157e+00
 5.28506e+00
 6.30346e+00
 6.26929e+00
 8.67721e+00
 6.86040e+00
 3.75363e+00
 2.08314e+00
 5.33210e+00
 4.09782e+00
 5.76861e+00
 5.00936e+00
 4.96795e+00
 2.75797e+00
 6.61820e+00
 4.74513e+00
 4.78050e+00
 3.26830e+00
 5.26723e+00
 5.36897e+00
 3.77798e+00
 5.42680e+00
 6.24428e+00
 1.98648e+00
 5.08082e+00
 7.57939e+00
 3.30452e+00
 4.21608e+00
 4.61344e+00
 8.82165e+00
 4.83555e+00
 2.80087e+00
 8.51317e+00
 6.37977e+00
 4.99356e+00
 8.85121e+00
 2.39872e+00
 4.91022e-01
 6.94489e+00
 1.93423e+00
 8.97944e+00
 4.69069e+00
 6.63267e+00
 3.07540e+00
 3.85379e+00
 2.93456e+00
 3.61037e+00
 6.09033e-01
 1.99669e+00
 2.83826e+00
 6.48660e+00
 3.96829e+00
 6.46462e-01
 6.78619e+00
 7.03876e+00
 7.75652e+00
 2.47142e+00
 5.72825e+00
 7.60974e-01
 7.37546e+00
 8.72429e+00
 7.09202e+00
 4.53967e+00
 6.24249e+00
 6.01683e+00
 6.14484e+00
 1.14398e+00
 3.94259e+00
 2.97821e+00
 5.75586e+00
 5.75055e+00
 7.03471e+00
 6.28842e+00
 6.82982e+00
 2.79069e+00
 6.32425e+00
 7.87349e-01
 6.82454e+00
 6.28335e+00
 5.50332e+00
 2.26085e+00
 6.50906e+00
 1.10764e+00
 5.58534e+00
 4.63637e+00
 3.94037e+00
 5.68650e+00
 7.62406e+00
 3.69552e+00
 3.27906e+00
 4.28445e+00
 1.52444e+00
 3.22103e+00
 4.20923e+00
 5.95328e+00
 4.46940e+00
 5.64498e+00
 7.34345e+00
 3.72416e+00
 3.09217e+00
 4.09393e+00
 5.48001e+00
 5.58765e+00
 7.42899e+00
 5.68253e+00
 2.26885e+00
 7.41561e+00
 4.64437e+00
 6.35434e+00
 2.23757e+00
 5.74293e+00
 4.70960e+00
 6.40650e+00
 6.11542e+00
 5.28307e+00
 1.43613e+00
 4.14663e+00
 4.26974e+00
 2.53090e+00
 5.32621e+00
 2.16921e+00
 8.81475e+00
 6.08103e+00
 9.52994e+00
 4.49948e+00
 7.17502e+00
