 0.00000e+00, 2.00000e+03, 4.47214e+01
 1.00000e+00, 1.75800e+03, 4.19285e+01
 2.00000e+00, 1.52400e+03, 3.90384e+01
 3.00000e+00, 1.34600e+03, 3.66879e+01
 4.00000e+00, 1.18000e+03, 3.43511e+01
 5.00000e+00, 1.02300e+03, 3.19844e+01
 6.00000e+00, 8.96000e+02, 2.99333e+01
 7.00000e+00, 7.82000e+02, 2.79643e+01
 8.00000e+00, 6.87000e+02, 2.62107e+01
 9.00000e+00, 6.18000e+02, 2.48596e+01
 1.00000e+01, 5.48000e+02, 2.34094e+01
 1.10000e+01, 4.69000e+02, 2.16564e+01
 1.20000e+01, 4.16000e+02, 2.03961e+01
 1.30000e+01, 3.65000e+02, 1.91050e+01
 1.40000e+01, 3.21000e+02, 1.79165e+01
 1.50000e+01, 2.83000e+02, 1.68226e+01
 1.60000e+01, 2.57000e+02, 1.60312e+01
 1.70000e+01, 2.37000e+02, 1.53948e+01
 1.80000e+01, 2.13000e+02, 1.45945e+01
 1.90000e+01, 1.93000e+02, 1.38924e+01
 2.00000e+01, 1.76000e+02, 1.32665e+01
 2.10000e+01, 1.65000e+02, 1.28452e+01
 2.20000e+01, 1.47000e+02, 1.21244e+01
 2.30000e+01, 1.37000e+02, 1.17047e+01
 2.40000e+01, 1.20000e+02, 1.09545e+01
 2.50000e+01, 1.06000e+02, 1.02956e+01
 2.60000e+01, 9.70000e+01, 9.84886e+00
 2.70000e+01, 8.80000e+01, 9.38083e+00
 2.80000e+01, 7.40000e+01, 8.60233e+00
 2.90000e+01, 6.60000e+01, 8.12404e+00
 3.00000e+01, 5.60000e+01, 7.48331e+00
 3.10000e+01, 4.90000e+01, 7.00000e+00
 3.20000e+01, 4.40000e+01, 6.63325e+00
 3.30000e+01, 4.10000e+01, 6.40312e+00
 3.40000e+01, 3.70000e+01, 6.08276e+00
 3.50000e+01, 3.30000e+01, 5.74456e+00
 3.60000e+01, 3.30000e+01, 5.74456e+00
 3.70000e+01, 2.90000e+01, 5.38516e+00
 3.80000e+01, 2.60000e+01, 5.09902e+00
 3.90000e+01, 2.10000e+01, 4.58258e+00
 4.00000e+01, 1.80000e+01, 4.24264e+00
 4.10000e+01, 1.50000e+01, 3.87298e+00
 4.20000e+01, 1.50000e+01, 3.87298e+00
 4.30000e+01, 1.30000e+01, 3.60555e+00
 4.40000e+01, 1.10000e+01, 3.31662e+00
