 0.00000e+00, 1.00000e+04, 1.00000e+02
 1.00000e+00, 7.53800e+03, 8.68217e+01
 2.00000e+00, 5.68300e+03, 7.53857e+01
 3.00000e+00, 4.27200e+03, 6.53605e+01
 4.00000e+00, 3.22200e+03, 5.67627e+01
 5.00000e+00, 2.37600e+03, 4.87442e+01
 6.00000e+00, 1.74500e+03, 4.17732e+01
 7.00000e+00, 1.30600e+03, 3.61386e+01
 8.00000e+00, 9.71000e+02, 3.11609e+01
 9.00000e+00, 7.35000e+02, 2.71109e+01
 1.00000e+01, 5.63000e+02, 2.37276e+01
 1.10000e+01, 4.23000e+02, 2.05670e+01
 1.20000e+01, 3.05000e+02, 1.74642e+01
 1.30000e+01, 2.33000e+02, 1.52643e+01
 1.40000e+01, 1.75000e+02, 1.32288e+01
 1.50000e+01, 1.39000e+02, 1.17898e+01
 1.60000e+01, 1.02000e+02, 1.00995e+01
 1.70000e+01, 8.20000e+01, 9.05539e+00
 1.80000e+01, 6.40000e+01, 8.00000e+00
 1.90000e+01, 4.70000e+01, 6.85565e+00
 2.00000e+01, 3.50000e+01, 5.91608e+00
 2.10000e+01, 2.80000e+01, 5.29150e+00
 2.20000e+01, 2.20000e+01, 4.69042e+00
 2.30000e+01, 1.50000e+01, 3.87298e+00
 2.40000e+01, 1.30000e+01, 3.60555e+00
