 0.00000e+00, 2.00000e+03, 4.47214e+01
 1.00000e+00, 1.71200e+03, 4.13763e+01
 2.00000e+00, 1.49500e+03, 3.86652e+01
 3.00000e+00, 1.30700e+03, 3.61525e+01
 4.00000e+00, 1.13500e+03, 3.36898e+01
 5.00000e+00, 1.00800e+03, 3.17490e+01
 6.00000e+00, 8.98000e+02, 2.99666e+01
 7.00000e+00, 8.32000e+02, 2.88444e+01
 8.00000e+00, 7.52000e+02, 2.74226e+01
 9.00000e+00, 6.93000e+02, 2.63249e+01
 1.00000e+01, 6.34000e+02, 2.51794e+01
 1.10000e+01, 5.99000e+02, 2.44745e+01
 1.20000e+01, 5.56000e+02, 2.35797e+01
 1.30000e+01, 5.22000e+02, 2.28473e+01
 1.40000e+01, 4.96000e+02, 2.22711e+01
 1.50000e+01, 4.60000e+02, 2.14476e+01
 1.60000e+01, 4.31000e+02, 2.07605e+01
 1.70000e+01, 4.14000e+02, 2.03470e+01
 1.80000e+01, 3.88000e+02, 1.96977e+01
 1.90000e+01, 3.65000e+02, 1.91050e+01
 2.00000e+01, 3.43000e+02, 1.85203e+01
 2.10000e+01, 3.35000e+02, 1.83030e+01
 2.20000e+01, 3.16000e+02, 1.77764e+01
 2.30000e+01, 3.06000e+02, 1.74929e+01
 2.40000e+01, 2.89000e+02, 1.70000e+01
 2.50000e+01, 2.80000e+02, 1.67332e+01
 2.60000e+01, 2.64000e+02, 1.62481e+01
 2.70000e+01, 2.49000e+02, 1.57797e+01
 2.80000e+01, 2.34000e+02, 1.52971e+01
 2.90000e+01, 2.23000e+02, 1.49332e+01
 3.00000e+01, 2.16000e+02, 1.46969e+01
 3.10000e+01, 2.08000e+02, 1.44222e+01
 3.20000e+01, 1.98000e+02, 1.40712e+01
 3.30000e+01, 1.91000e+02, 1.38203e+01
 3.40000e+01, 1.83000e+02, 1.35277e+01
 3.50000e+01, 1.74000e+02, 1.31909e+01
 3.60000e+01, 1.65000e+02, 1.28452e+01
 3.70000e+01, 1.55000e+02, 1.24499e+01
 3.80000e+01, 1.48000e+02, 1.21655e+01
 3.90000e+01, 1.43000e+02, 1.19583e+01
 4.00000e+01, 1.38000e+02, 1.17473e+01
 4.10000e+01, 1.30000e+02, 1.14018e+01
 4.20000e+01, 1.24000e+02, 1.11355e+01
 4.30000e+01, 1.19000e+02, 1.09087e+01
 4.40000e+01, 1.11000e+02, 1.05357e+01
 4.50000e+01, 9.80000e+01, 9.89949e+00
 4.60000e+01, 9.00000e+01, 9.48683e+00
 4.70000e+01, 8.90000e+01, 9.43398e+00
 4.80000e+01, 8.30000e+01, 9.11043e+00
 4.90000e+01, 7.60000e+01, 8.71780e+00
 5.00000e+01, 6.90000e+01, 8.30662e+00
 5.10000e+01, 6.60000e+01, 8.12404e+00
 5.20000e+01, 6.40000e+01, 8.00000e+00
 5.30000e+01, 6.10000e+01, 7.81025e+00
 5.40000e+01, 5.50000e+01, 7.41620e+00
 5.50000e+01, 5.20000e+01, 7.21110e+00
 5.60000e+01, 5.00000e+01, 7.07107e+00
 5.70000e+01, 4.90000e+01, 7.00000e+00
 5.80000e+01, 4.50000e+01, 6.70820e+00
 5.90000e+01, 4.40000e+01, 6.63325e+00
 6.00000e+01, 4.30000e+01, 6.55744e+00
 6.10000e+01, 4.00000e+01, 6.32456e+00
 6.20000e+01, 3.90000e+01, 6.24500e+00
 6.30000e+01, 3.70000e+01, 6.08276e+00
 6.40000e+01, 3.50000e+01, 5.91608e+00
 6.50000e+01, 3.20000e+01, 5.65685e+00
 6.60000e+01, 3.10000e+01, 5.56776e+00
 6.70000e+01, 2.90000e+01, 5.38516e+00
 6.80000e+01, 2.80000e+01, 5.29150e+00
 6.90000e+01, 2.70000e+01, 5.19615e+00
 7.00000e+01, 2.30000e+01, 4.79583e+00
 7.10000e+01, 2.20000e+01, 4.69042e+00
 7.20000e+01, 2.00000e+01, 4.47214e+00
 7.30000e+01, 1.80000e+01, 4.24264e+00
 7.40000e+01, 1.60000e+01, 4.00000e+00
 7.50000e+01, 1.30000e+01, 3.60555e+00
 7.60000e+01, 1.30000e+01, 3.60555e+00
 7.70000e+01, 1.20000e+01, 3.46410e+00
 7.80000e+01, 1.20000e+01, 3.46410e+00
 7.90000e+01, 1.10000e+01, 3.31662e+00
 8.00000e+01, 1.10000e+01, 3.31662e+00
 8.10000e+01, 1.10000e+01, 3.31662e+00
